(mypy-venv) (base) As-MacBook-Pro:numpy-practice-and-more amakki$ python3 csv_to_nparr.py
[datetime.datetime(2019, 5, 31, 0, 0), datetime.datetime(2019, 5, 31, 1, 0), datetime.datetime(2019, 5, 31, 2, 0), datetime.datetime(2019, 5, 31, 3, 0), datetime.datetime(2019, 5, 31, 4, 0), datetime.datetime(2019, 5, 31, 5, 0), datetime.datetime(2019, 5, 31, 6, 0), datetime.datetime(2019, 5, 31, 7, 0), datetime.datetime(2019, 5, 31, 8, 0)]
[[103.26 305.46  94.71  31.43  30.16   3.    18.06 178.31 152.73  13.65
   83.47   2.54]
 [104.47 309.14  74.66  34.08  27.02   1.69  18.65 106.5   79.98  11.35
   76.79   2.91]
 [ 90.   314.02  48.11  32.6   18.12   0.83  28.27  48.45  25.27   5.66
   32.91   1.59]
 [ 78.01 356.14  45.45  30.21  16.78   0.79  27.47  44.22  21.5    3.6
   21.41   0.78]
 [ 80.19 372.9   45.23  28.68  16.41   0.76  26.92  44.06  22.15   4.5
   23.39   0.62]
 [ 83.59 389.97  39.49  27.71  17.42   0.76  28.71  39.33  21.04   3.25
   23.59   0.56]
 [ 79.04 371.64  39.61  26.87  16.91   0.84  29.26  43.11  24.37   3.12
   15.27   0.46]
 [ 77.32 361.88  42.63  27.26  17.86   0.96  27.07  48.22  28.81   3.32
   14.42   0.41]
 [ 84.3  377.77  42.49  28.41  20.19   0.98  33.05  48.22  27.76   3.4
   14.53   0.4 ]]
(9, 12)
